385.074,0.190754919,0.164624108,0.172463352,0.201207243,0.188141838,0.16985027,0.172463352,0.188141838,0.193368,0.209046487,0.219498811,0.193368,0.219498811,0.269147352,0.232564216,0.261308108,0.222111892
385.158,0.220435685,0.225622407,0.194502075,0.212655602,0.186721992,0.212655602,0.238589212,0.20746888,0.204875519,0.199688797,0.238589212,0.228215768,0.2593361,0.248962656,0.282676349,0.246369295,0.277489627
385.241,0.160480406,0.214836672,0.160480406,0.181187555,0.181187555,0.178599161,0.212248279,0.201894704,0.176010768,0.173422374,0.243309002,0.155303619,0.238132215,0.261427758,0.245897396,0.256250971,0.258839364
385.324,0.214254369,0.198766101,0.183277834,0.219417125,0.16262681,0.211672991,0.206510235,0.196184723,0.193603345,0.201347479,0.232324015,0.196184723,0.232324015,0.258137794,0.252975038,0.221998503,0.247812282
385.407,0.187299551,0.19756254,0.182168056,0.184733804,0.182168056,0.189865298,0.159076331,0.215522771,0.187299551,0.189865298,0.233483002,0.200128287,0.228351507,0.218088518,0.243745991,0.261706222,0.220654266
385.49,0.228158326,0.235849057,0.158941756,0.212776866,0.194831829,0.246103363,0.215340443,0.21021329,0.21021329,0.220467596,0.228158326,0.199958983,0.251230517,0.276866284,0.253794094,0.279429861,0.246103363
385.573,0.186267255,0.191370468,0.201576893,0.191370468,0.191370468,0.201576893,0.204128499,0.199025286,0.19647368,0.209231711,0.206680105,0.204128499,0.221989743,0.260263836,0.255160624,0.262815442,0.267918655
385.657,0.18239392,0.189993667,0.162127929,0.217859405,0.202659911,0.18239392,0.177327422,0.207726409,0.202659911,0.2279924,0.212792907,0.195060165,0.240658645,0.255858138,0.268524383,0.25079164,0.27359088
385.74,0.228478586,0.215785332,0.228478586,0.23863319,0.218323983,0.220862634,0.243710492,0.215785332,0.220862634,0.205630728,0.286867559,0.248787794,0.299560813,0.286867559,0.31733137,0.314792719,0.297022162
385.823,0.202367702,0.204897298,0.209956491,0.182130932,0.204897298,0.23778205,0.242841243,0.227663665,0.202367702,0.209956491,0.250430031,0.245370839,0.242841243,0.301021957,0.303551553,0.285844379,0.331377112
385.906,0.210557979,0.220584549,0.223091192,0.228104477,0.258184188,0.243144332,0.24063769,0.225597834,0.243144332,0.245650975,0.238131047,0.238131047,0.255677545,0.30831704,0.325863538,0.278237329,0.235624405
385.989,0.232616308,0.207603802,0.247623812,0.237618809,0.207603802,0.235117559,0.250125063,0.237618809,0.245122561,0.255127564,0.277638819,0.212606303,0.277638819,0.315157579,0.317658829,0.317658829,0.297648824
386.072,0.248694355,0.211390201,0.223824919,0.223824919,0.241233524,0.241233524,0.193981597,0.23128575,0.228798806,0.243720468,0.281024621,0.23874658,0.246207411,0.325789605,0.363093758,0.283511564,0.318328774
386.155,0.266394463,0.224070109,0.271373799,0.234028781,0.229049445,0.248966788,0.288801474,0.24647712,0.226559777,0.276353134,0.346063835,0.253946124,0.311208485,0.36349151,0.323656824,0.358512174,0.323656824
386.238,0.243061584,0.235620923,0.290185768,0.267863786,0.267863786,0.245541804,0.285225328,0.240581364,0.260423126,0.280264888,0.322428632,0.223219822,0.324908852,0.342270394,0.317468191,0.347230834,0.339790173
386.321,0.257419371,0.262369743,0.292071978,0.267320116,0.30444791,0.279696047,0.267320116,0.24504344,0.311873468,0.297022351,0.34405089,0.249993812,0.36385238,0.368802752,0.346526076,0.373753125,0.339100517
386.404,0.282520575,0.297260779,0.284977276,0.267780371,0.260410269,0.270237072,0.307087581,0.30217418,0.275150473,0.30217418,0.321827785,0.297260779,0.358678295,0.3758752,0.385702002,0.356221594,0.363591696
386.487,0.291395269,0.254664773,0.266908272,0.262010872,0.227729076,0.276703071,0.274254371,0.310984867,0.254664773,0.288946569,0.340369264,0.28404917,0.323228366,0.408932857,0.372202361,0.408932857,0.386894559
386.57,0.281304273,0.30331939,0.283750397,0.256843032,0.298427142,0.315550011,0.29108877,0.327780632,0.320442259,0.308211639,0.364472493,0.300873266,0.364472493,0.379149238,0.435410093,0.403610479,0.413394976
386.653,0.296145257,0.310709778,0.317992038,0.327701719,0.301000097,0.313137198,0.308282358,0.298572677,0.313137198,0.332556559,0.400524323,0.305854937,0.417516264,0.412661423,0.432080785,0.446645305,0.419943684
386.737,0.297936246,0.317314214,0.336692181,0.288247263,0.312469722,0.334269935,0.329425443,0.322158706,0.310047476,0.339114427,0.356070148,0.324580951,0.385137099,0.42631528,0.482026935,0.404515066,0.409359558
386.82,0.324102068,0.316846052,0.319264724,0.343451445,0.338614101,0.321683396,0.333776757,0.319264724,0.304752691,0.333776757,0.403918249,0.345870117,0.418430282,0.452291692,0.447454348,0.445035675,0.42810497
386.903,0.303929373,0.299105097,0.311165786,0.308753648,0.296692959,0.320814338,0.342523579,0.291868683,0.308753648,0.328050751,0.405239163,0.361820682,0.395590612,0.463130473,0.458306197,0.419711991,0.439009094
386.986,0.358586831,0.334520601,0.34174047,0.329707355,0.356180208,0.351366962,0.363400077,0.344147093,0.346553716,0.353773585,0.466884867,0.346553716,0.425972276,0.495764343,0.481324605,0.512610705,0.478917982
387.069,0.360287275,0.360287275,0.374603326,0.381761351,0.362673284,0.369831309,0.398463411,0.357901267,0.410393453,0.355515259,0.441411563,0.391305385,0.467657656,0.544009926,0.5368519,0.532079884,0.517763833
387.152,0.331046966,0.335810231,0.35962656,0.340573497,0.357244927,0.395351053,0.378679623,0.354863294,0.39296942,0.402495951,0.457273507,0.371534724,0.452510241,0.533485758,0.519195961,0.528722492,0.512051062
387.235,0.381914793,0.370054085,0.367681943,0.367681943,0.381914793,0.405636208,0.412752633,0.410380492,0.379542651,0.396147642,0.460195464,0.419869058,0.464939748,0.533731853,0.550336844,0.540848278,0.526615428
387.318,0.391897634,0.401340951,0.401340951,0.398980122,0.384815147,0.394258464,0.413145097,0.408423438,0.413145097,0.408423438,0.465083337,0.443835875,0.526464894,0.604372256,0.604372256,0.625619718,0.557155673
387.4,0.401653591,0.404002443,0.413397848,0.385211632,0.413397848,0.434537511,0.422793254,0.446281768,0.429839808,0.476816837,0.563724339,0.46507258,0.561375487,0.627143327,0.610701367,0.61539907,0.591910556
387.483,0.430953278,0.405048983,0.407403919,0.400339111,0.409758855,0.442727958,0.449792766,0.397984175,0.445082894,0.449792766,0.569894499,0.438018086,0.574604371,0.631122833,0.645252449,0.668801809,0.619348154
387.566,0.446209555,0.425183974,0.450881906,0.415839271,0.443873379,0.441537204,0.443873379,0.469571312,0.48125219,0.462562785,0.595724799,0.462562785,0.609741853,0.67048242,0.70318888,0.68683565,0.635439785
387.649,0.472988639,0.463714352,0.468351495,0.468351495,0.46139578,0.498492928,0.479944354,0.507767215,0.44748435,0.479944354,0.598191514,0.489218641,0.565731509,0.71180153,0.753535822,0.721075817,0.721075817
387.732,0.479136624,0.483788436,0.467507094,0.453551658,0.453551658,0.48146253,0.502395683,0.500069777,0.486114342,0.511699307,0.644275945,0.541936084,0.60706145,0.800111643,0.753593525,0.76754896,0.728008559
387.815,0.505284628,0.475152976,0.516873725,0.465881698,0.507602448,0.53541628,0.509920267,0.512238086,0.502966809,0.516873725,0.697663638,0.533098461,0.672167625,0.825143705,0.827461524,0.84368626,0.792694233
387.898,0.500842431,0.50315046,0.512382579,0.484686223,0.491610312,0.519306668,0.551619083,0.535462875,0.523922727,0.533154846,0.717797217,0.57239135,0.733953424,0.88859141,0.88397535,0.863203084,0.851662935
387.981,0.575429839,0.56156406,0.55463117,0.519966722,0.577740802,0.630892956,0.56156406,0.556942133,0.621649103,0.582362729,0.769550749,0.570807913,0.764928822,0.979848401,1.019134775,0.996025143,0.931318173
388.064,0.547025834,0.533235267,0.565413257,0.544727406,0.549324262,0.625172382,0.59529282,0.58380068,0.586099108,0.599889675,0.859612025,0.604486531,0.783763905,1.0388894,1.082559529,1.10324538,0.997517698
388.147,0.562092997,0.582657375,0.626071061,0.589512167,0.575802582,0.614646407,0.628355992,0.610076545,0.614646407,0.632925854,0.913972352,0.64892037,0.859134011,1.179024335,1.185879127,1.211013367,1.083057238
388.23,0.664074049,0.618589525,0.664074049,0.641331787,0.643606013,0.661799823,0.700461668,0.654977144,0.673170954,0.739123513,0.991562621,0.759591549,1.018853335,1.348616133,1.337245002,1.366809943,1.221259466
388.313,0.67348466,0.657611284,0.684822785,0.689358035,0.659878909,0.721104787,0.714301912,0.702963786,0.696160911,0.766457289,1.102065806,0.786865915,1.088460056,1.437674324,1.528379328,1.496632577,1.351504569
388.396,0.738502091,0.708962007,0.747591347,0.722595892,0.706689693,0.797582258,0.783948373,0.763497546,0.777131431,0.790765315,1.220232685,0.872568624,1.252045083,1.701963279,1.690601709,1.690601709,1.504271951
388.478,0.803627548,0.792403699,0.801382778,0.774445542,0.772200772,0.897907875,0.888928796,0.844033402,0.848522942,0.904642184,1.3625752,0.920355572,1.335637964,1.946215318,1.959683936,1.982131633,1.824997755
388.561,0.861469434,0.834548514,0.845765564,0.827818284,0.865956254,0.913067863,0.881660123,0.886146943,0.877173303,0.996074033,1.525518789,0.951205833,1.487380819,2.225462703,2.290521593,2.265844083,1.971957375
388.644,0.947335339,0.888968707,0.909172541,0.888968707,0.958559691,1.025905805,0.978763525,0.915907152,0.949580209,1.034885287,1.710591299,1.138149329,1.733040004,2.655681767,2.651192026,2.71629327,2.325685808
388.727,1.042643447,1.004688547,1.0292476,0.97343157,1.031480241,1.093994195,1.140879661,1.002455905,1.114087966,1.143112302,2.049564635,1.196695691,1.975887475,3.105603929,3.194909578,3.232864479,2.793034159
388.81,1.109771347,1.091907824,1.105305466,1.103072526,1.125401929,1.190157199,1.19908896,1.147731333,1.158896034,1.326366559,2.299928546,1.326366559,2.349053233,3.72231154,3.782600929,3.749106824,3.224365845
388.893,1.272106733,1.241079739,1.218917601,1.241079739,1.269890519,1.369620141,1.387349852,1.325295865,1.298701299,1.447187625,2.765834848,1.487079473,2.705997075,4.445724924,4.496697841,4.629670671,3.931563317
388.976,1.399482656,1.315469479,1.370741306,1.350843448,1.406115275,1.549822025,1.512237182,1.412747894,1.465808848,1.636046075,3.249983418,1.755433221,3.143861511,5.489597842,5.465278238,5.485176096,4.764431474
389.058,1.611338888,1.520962836,1.642199004,1.580478773,1.598113124,1.781069523,1.741392232,1.728166468,1.670854825,1.937574395,3.956707667,2.032359035,3.850901556,6.817881233,6.824494115,6.868579994,5.883260592
389.141,1.842494318,1.809395618,1.811602198,1.809395618,1.835874578,1.979302279,2.0101944,1.950616739,1.943996999,2.255124782,4.695602286,2.255124782,4.629404885,8.437962003,8.519605463,8.596835764,7.202277191
389.224,2.088020094,2.029048815,2.085835972,2.035601179,2.079283608,2.236540352,2.328273452,2.236540352,2.24964508,2.577263296,5.639401551,2.618761603,5.648138036,10.33307852,10.45102108,10.3614721,8.73866987
389.307,2.41290379,2.356078157,2.502513441,2.375748568,2.456615815,2.721073567,2.771342396,2.65550553,2.589937492,3.048913756,7.03107925,3.180049832,6.799405516,13.0261835,13.1966604,13.29064126,11.01980155
389.39,2.930852931,2.775096525,2.954984205,2.82994033,2.799227799,3.167778168,3.292822043,3.180940681,3.049315549,3.608722359,8.794752545,3.700859951,8.546858547,16.2491225,16.57379782,16.57818533,13.86670762
389.472,3.53764867,3.313691809,3.43980344,3.346306886,3.350655563,3.837707378,3.913809224,3.700724055,3.624622209,4.283446761,10.70209389,4.583505468,10.63903807,20.25178839,20.48009393,20.42138679,17.114218
389.555,4.1777547,3.954912269,4.076069319,3.948421713,4.086886913,4.709980312,4.690508643,4.459012137,4.459012137,5.296293892,13.51982865,5.49101058,13.22775362,25.05571061,25.54899288,25.19850285,21.49023171
389.638,5.025985275,4.785621481,5.116933738,4.874404504,4.969683846,5.62581204,5.658293634,5.565179731,5.448245994,6.483326115,16.8709398,6.788653097,16.51147683,30.87483759,31.48116068,31.2581204,26.70420095
389.721,6.120600414,5.732401656,6.0623706,5.816511387,6.094720497,7.028554175,7.060904072,6.646825397,6.506642512,8.093944099,20.92175638,8.45626294,20.60257074,37.35981712,38.49206349,37.66821946,32.81357833
389.803,7.60799206,7.081517283,7.638199629,7.189401459,7.286497217,8.559530488,8.647995512,8.235877961,8.022267294,10.08717041,25.90299055,10.42376904,25.46713848,44.64462953,45.85077461,45.13873905,39.53307729
389.886,9.228073175,8.772867157,9.343477518,8.721576338,8.978030433,10.64711917,10.81808856,10.09146863,9.892716704,12.25636861,31.25106856,12.9530689,31.01598564,51.52590186,53.22704736,51.96614806,46.50795008
389.969,11.59743933,10.76798741,11.60381973,10.889215,11.20185457,13.34992237,13.37969757,12.72038963,12.11212489,15.36612859,37.59544014,16.04032412,37.36574576,58.663519,60.64144282,59.51211212,54.329101
390.052,14.16503532,13.45646438,14.28206656,13.55860073,13.87777683,16.439697,16.44608052,15.74176526,15.43961188,19.0143842,44.85913695,19.80594093,44.25695804,65.58004937,67.92918546,66.08860329,62.20316623
390.134,17.57189855,16.62315611,17.52095935,16.79932081,17.14103789,20.29714528,20.57731084,19.55003714,18.96423644,23.40443595,52.27634511,24.38077046,51.52499204,71.67993208,74.02737982,72.14899713,69.10538045
390.217,21.57203022,20.53078242,21.77520052,20.81225794,21.23129669,24.92645658,24.96455101,23.74129648,23.35611945,28.65124548,59.10139468,29.94645616,58.3860659,76.32007788,79.25334914,76.76028021,75.00793634
390.3,26.34198815,25.08700513,26.44112126,25.0279471,25.60587206,30.44652085,30.38113518,29.33918289,28.28879374,34.68604332,65.99312396,36.05281475,65.43629116,80.57412837,83.00394423,80.84199869,79.4942102
390.382,31.79635169,30.26919998,31.9416944,30.53039558,31.16863968,36.25142183,36.72536546,35.20874584,34.56207608,41.12356237,71.8940894,42.614905,71.51914732,83.4161857,85.8554156,84.1597506,83.27084299
390.465,37.52869085,36.45475794,38.24675188,36.6021605,37.34127903,42.9973257,43.2710733,42.01604582,40.85156563,48.27433721,76.58826255,49.96104361,76.63248331,85.75249005,88.23095875,86.42422456,85.89778686
390.548,43.98519045,42.01476771,44.47675027,42.44985044,43.51036459,49.88390821,49.93411007,48.18959567,47.45539356,55.33917627,80.12424959,56.69044282,80.23302027,86.70069237,88.61882151,87.85951848,87.32821553
390.63,50.35819462,48.70611333,50.7550283,49.14054178,50.41249817,56.56550889,56.47569916,55.54836149,54.30146828,61.75985296,83.41444057,63.24484638,82.93615155,88.18062198,89.68441279,88.74872073,88.63593642
390.713,56.53473981,54.99397816,57.04971137,55.33452386,56.22118859,62.1890444,63.03625566,61.61800739,60.58598779,67.31384194,84.97861207,68.86290959,84.88724615,88.44013456,89.50745463,89.1897504,89.25619835
390.796,62.35013483,61.1035055,63.08442232,61.49554034,62.21945654,68.20161792,68.15598424,67.13544908,66.50072599,72.12404066,86.33685957,73.94523958,86.8595727,89.42128189,90.29039618,89.34453433,89.59966812
390.878,66.94618713,66.22771601,67.94003768,66.39542829,67.1594509,72.56765431,73.28612543,71.81191378,71.48891235,76.30908752,87.45677785,77.44373357,87.62034909,89.47139574,90.69300371,90.10290494,90.0987639
390.961,70.91522079,70.27177041,71.56894992,70.63769427,71.23797385,76.15122112,76.79672724,75.48721322,75.05961681,79.2780199,87.66959954,80.11676671,87.43729956,89.47249404,90.10977716,90.18789573,90.18378423
391.044,74.09165639,74.20879573,75.76859844,74.59926017,74.80887793,79.21496095,79.34032059,78.50184957,78.33538841,81.99753391,88.216194,82.84628031,88.16892725,90.08425812,90.81175503,90.81997534,90.78092889
391.126,77.31225134,77.12152906,77.92748452,77.21586481,77.55219228,81.07542759,81.43841516,81.17591567,80.31664001,83.22874369,88.48078422,83.85423075,88.90939666,90.24445265,91.17755629,90.92736147,91.14269308
391.209,78.83141957,78.128239,79.46143685,78.32537344,78.74809471,82.17457575,82.07092775,81.72136978,81.82298547,84.04023981,88.2390001,84.3471192,88.7104969,90.17579514,90.60258104,90.82410324,90.61680724
391.292,79.85095784,80.03726054,80.83917217,80.0413106,80.22356324,83.29755781,82.75282492,83.13353044,82.97557815,84.32019764,88.58288445,84.65837755,88.60515977,90.20493297,91.36932486,91.13442145,90.68891499
391.374,81.63907789,81.4319082,82.30527064,81.64314004,82.01279578,84.61257236,84.28556921,84.37087438,84.48664568,85.54483599,89.00578857,85.98354829,89.48715345,91.03686402,91.72133645,91.60556515,91.63603128
391.457,81.68408733,82.33383107,82.58606078,81.95044191,82.82012995,84.28911578,84.1720812,84.73909359,84.96105573,85.89329674,88.83126841,86.17982969,89.39020945,90.93789096,91.33338714,91.52306388,91.55534929
391.539,82.4999497,83.12976638,83.49598567,82.78568123,83.35110771,85.31299676,85.03933839,84.91458237,85.00110671,86.2567157,89.0898847,86.40159366,89.59494537,91.74195625,92.16250478,92.06189508,91.94518784
391.622,83.02356389,83.0637068,83.73208623,83.34470716,83.81638634,85.49235278,85.57866003,85.62883867,85.60073863,86.70065433,89.64714383,86.79900446,90.15294448,91.50576051,92.37084019,92.43908314,92.24037574
391.704,83.18299098,83.5250115,84.47106826,83.97303838,84.01904114,85.84315059,85.58313499,85.52313139,85.59713583,86.99321959,89.49136948,87.13522811,89.97139828,91.65549933,92.40754445,92.39954397,92.29953797
391.787,84.18797429,83.89564103,84.68053581,84.38419799,84.50633722,86.37646917,86.18625233,86.29237331,86.08413591,87.08928178,90.28092025,87.6278958,90.39905492,92.18308872,93.382456,92.73972328,92.54750415
391.87,84.32605008,84.87478799,84.76703582,84.90272374,85.07033822,86.30350195,86.5210017,86.8243041,86.62077222,87.57457847,90.30030929,87.9018258,90.67744188,92.28973361,93.19165918,92.82849446,92.68682031
391.952,84.14033283,84.81508598,84.85663969,84.53014623,84.60533866,86.25957219,86.36444585,86.4277658,86.63751311,87.46067238,90.14979124,87.81684706,90.66624453,92.33037181,92.98335873,92.54803411,92.83495261
392.035,84.83218291,85.28510116,85.37608038,85.2712565,85.28510116,87.04535116,87.08095172,87.1857756,86.71703487,87.80878543,90.52431716,88.18852475,90.97130199,92.30632306,93.20029272,92.71770732,92.99460058
392.117,85.07344342,85.45602315,85.95952187,85.5254029,86.37381807,87.33125855,87.67419272,87.65833449,87.91801296,88.54243067,90.8002458,88.77237497,91.51386604,92.79045335,93.74591155,93.39306599,93.26818245
392.2,85.18912111,85.42330854,85.68307947,85.71653481,85.7991892,87.28696816,87.53493132,87.30467981,87.26532058,88.69799662,90.98673594,88.44412957,91.2602826,92.38792459,93.14362184,92.92321014,93.43684811
392.282,85.56389798,85.52273039,86.0618298,85.58938268,85.69328184,87.58307032,87.74774068,87.66148478,87.69873165,88.77889083,90.73337123,88.74752504,91.28227245,92.58199212,93.35437455,93.20734743,93.17206093
392.365,85.77513775,85.95881043,86.02915315,85.89432959,85.82007894,87.67829927,87.50244246,87.78185939,87.66657548,88.4931025,90.91406464,89.10078549,91.08992145,92.44988081,93.0243464,93.07710344,93.23732854
392.447,85.9309807,86.05771105,86.37746149,86.34041724,86.8102944,87.62721778,88.12439072,88.25891987,88.04250341,88.63521154,90.98654709,88.66640671,91.38818483,92.65938779,93.40612205,92.79001755,93.24234744
392.53,86.02506871,86.19466266,86.45977504,86.81260843,86.75997583,88.30776428,88.45201661,88.5845728,88.45201661,89.29023958,91.0816975,89.70545235,91.91797111,93.45211408,94.06421178,93.62365738,93.48330377
392.612,86.05044961,86.45139943,86.75503134,86.61489353,86.73751411,88.2712445,88.55152011,88.49312935,88.53205652,89.05951964,91.47105765,89.77772587,92.04523337,93.06901787,93.8339367,93.65487173,93.53809023
392.695,86.02088167,86.34570766,87.18677494,86.45784996,86.46558391,88.43194122,88.51894818,88.10518175,88.44547564,89.06805878,91.57579273,89.59203403,91.40177881,92.5328693,93.74516628,93.20378964,93.49767981
392.777,86.21348358,86.59167213,86.96986069,86.32153745,86.5723768,88.07741288,88.3494771,88.22598696,88.71222938,89.33160962,91.38270366,89.63261683,91.89595956,92.97842782,93.89881527,93.3353915,93.17524023
392.86,86.49743451,86.40870337,87.41175109,87.12433934,87.08383164,88.70606844,88.85459666,89.02627213,88.76779445,89.25967362,91.84059257,89.51622237,92.2032329,93.3933876,93.84668801,93.71744917,93.86790633
392.942,86.23651809,86.5495848,86.83592631,86.67939296,86.41786771,87.84766632,87.78848907,87.88011835,87.87057364,89.17629092,90.98787821,89.21256085,91.28758232,92.6238427,93.74630142,93.11444116,93.3320607
393.024,86.12580947,86.67596325,87.01407859,86.53651455,86.987335,88.67982196,88.33788611,88.4907066,88.63970658,89.31593727,91.74005234,89.37515521,91.76297542,93.10779576,93.88718027,93.31792393,93.47838545
393.107,86.8245758,87.19294562,87.26356574,87.25402248,87.27883496,88.70268929,88.78857863,89.4127078,88.47174241,89.6551066,91.63819594,89.88414483,91.93021969,93.09068005,94.37711145,93.81405913,93.75298227
393.189,86.61731207,87.03682612,87.16590737,87.05580866,87.29688686,88.35611238,88.66173121,88.85155657,88.77182992,89.46848899,91.75018983,89.51594533,92.13933181,93.16249051,94.08883827,93.77942293,93.69020501
393.272,86.84514674,87.12935069,87.46281665,87.02893196,87.62386555,88.5541598,88.68489361,88.55605449,88.78910173,89.71560659,91.37156824,90.15517535,92.11997196,93.51067659,94.13592527,94.020349,93.97677106
393.354,86.69431257,86.75811082,87.06771996,87.24785619,87.38483478,88.64391196,88.63077703,89.23873679,89.35695119,89.30065862,91.77002608,89.49955904,92.07212955,93.1904753,93.64081587,94.05362806,94.13431408
393.436,86.64397729,86.96551465,87.17423188,86.86397653,87.14414652,88.42841563,88.73114964,88.46790267,88.46038133,89.75217179,91.71148133,89.50584784,91.93712158,93.14617728,93.72344026,93.45643263,93.85130307
393.519,87.31221209,87.09410548,87.82175425,87.66757544,87.75030554,89.06458588,89.19620194,89.39550625,89.08150794,89.79599511,92.12559932,90.13255617,92.59001598,93.55269343,94.25777945,93.95318229,93.98138573
393.601,86.64517097,87.26567187,87.93491302,87.33315837,87.88429814,88.92658968,89.00719856,89.06156269,89.06156269,89.76454709,92.25779844,89.91826635,92.33840732,93.52879424,94.42861428,94.23740252,93.94308638
393.684,87.35666586,87.5437251,87.64847827,87.26500683,87.66905479,89.01775192,89.15056398,89.3694233,88.8007632,89.98671879,92.39043005,90.08024841,92.50453619,93.68675059,94.18619877,93.9561159,94.29095194
393.766,87.40576248,87.37777114,88.20631485,87.41695902,87.98425021,89.33529895,89.66559678,89.47525565,89.51257744,90.34671941,91.89743973,90.48481003,92.86780623,93.64036725,94.37560648,94.24498022,93.86616407
393.848,87.30619074,87.32292248,87.92526492,87.64826176,87.85833798,89.2414947,89.13924521,89.08347276,89.60401562,89.82896449,92.16025284,90.6469604,92.63989589,93.61777282,93.8018219,93.95240751,93.97843465
393.931,87.43282808,87.49583071,87.79601972,87.27717452,87.92573102,89.42297002,89.46003039,89.48782567,89.40814587,90.4588074,91.75221436,90.40321684,92.33591521,93.31986807,94.19634585,93.812771,93.4329022
394.013,87.42214148,88.0264719,88.06169361,88.04130209,88.0190568,89.66706214,90.00074151,89.75048198,90.095284,90.4771615,92.50889812,90.60136438,92.57007267,93.36348806,94.38862524,94.39418656,93.93445054
394.095,87.07587225,87.73490862,87.82536459,87.70721802,87.83459479,89.73786229,89.93723463,89.8301643,89.96492524,90.16245154,92.43677312,90.38213033,92.8576703,93.37456157,93.88960679,93.88406867,93.89883699
394.178,87.59558354,87.40031025,87.96240533,87.45870974,88.05365453,89.70709006,89.50634182,89.48079204,89.30741856,90.26371019,92.22374304,90.56483256,92.33324208,93.22383429,94.10712656,93.57058126,94.13815129
394.26,87.17060656,87.59391607,87.99523548,87.85779732,87.63056625,89.50522265,89.26149899,89.60784314,89.12039582,90.52593,91.79219351,90.61389042,92.31995602,93.12625985,93.78229797,93.82078065,93.56606194
394.342,87.52999359,87.59043868,88.44766004,88.04469274,88.13627622,89.97710413,89.55215679,90.02472754,89.85621394,90.53759502,92.30515615,90.97902738,92.49198645,93.31623775,93.77965015,93.70638337,93.92068871
394.425,86.92746536,87.28425247,87.61930635,87.37480757,87.37299647,88.95408856,88.79108938,89.02653265,89.21488726,89.59702979,91.2741103,89.83790637,91.97138459,92.94575749,93.42207733,93.08521235,93.1304899
394.507,87.18890991,87.62734682,88.31138117,87.9784602,88.10216853,89.59576481,89.60304177,89.8213506,89.61941493,91.1712269,92.18454373,90.47991559,92.41922573,93.51622762,94.02015718,94.12203464,93.74727114
394.589,87.4062291,87.49841832,87.99190181,87.66291282,87.81475389,89.26447461,89.17228539,89.52477359,89.65130782,90.44305056,91.79877443,90.53343215,92.05184288,92.86166194,93.48710255,93.37683701,93.88658918
394.671,87.12220999,87.16912362,87.90711102,87.62021616,87.94861154,89.15934393,89.73132928,89.80169972,89.32715036,90.0813771,91.36067556,90.44225113,91.65659227,92.9070208,93.82544523,93.48261489,93.57102903
394.754,86.95105071,87.70245735,87.2404681,87.37349224,87.65571914,88.75406712,89.13336569,89.12078233,88.92663898,89.86499847,91.21501375,90.32698772,92.08865879,92.72501753,93.78921066,93.43148358,93.48720991
394.836,87.20461508,87.40885393,87.2726947,87.3013598,87.60234337,88.70057509,89.13234319,89.21475536,89.09292868,89.79522368,91.23385349,90.03708548,91.55633588,92.94121863,93.73667521,93.37477829,93.77608972
394.918,86.99029821,87.24805785,87.87634697,87.34650771,87.76536713,89.15619518,89.24211506,89.57684459,88.89485555,90.16933376,91.74811155,90.51659328,92.17234096,93.64729889,94.0017184,93.68309884,93.61686894
395,86.43525838,86.96996074,87.20444816,86.73014407,87.14404988,88.53853943,88.61137264,88.7517098,89.07146537,89.77848045,91.16586432,90.11244737,91.68102606,92.56213028,93.79851847,93.04886931,93.41125895
395.083,86.68166758,86.82340852,87.33367587,86.67989582,87.26280541,88.99913184,88.67667121,89.03102355,88.72096526,89.83185982,91.21206215,89.76276111,91.81800464,92.74109247,93.29565387,93.16277174,93.43562304
395.165,86.30463576,86.7214128,87.02693157,86.95099338,87.10463576,88.73995585,88.72759382,89.21501104,88.73818985,89.2785872,90.99337748,89.52759382,91.42781457,92.85827815,93.67417219,93.3209713,93.47108168
395.247,86.76218575,87.04662297,87.26392594,87.00598908,87.4441284,89.12071798,88.74441284,89.17018533,89.194919,89.47582284,91.28138085,90.11183153,91.85202198,92.72476724,93.4243768,93.54451177,93.70881402
395.329,86.49808321,86.85330426,87.51450779,87.03619034,87.25248831,88.62237541,88.79119333,89.08486618,89.09717582,89.45239686,91.26718953,90.08194703,91.28125769,93.14177188,94.08785566,93.46182253,93.43192769
395.411,86.42392809,86.74458131,87.22994165,86.41166267,86.79889962,88.77888945,88.69303149,88.84722539,88.9068003,89.62520369,91.05675387,89.87401658,91.65250302,92.83699252,93.66403252,93.38893659,93.16465455
395.494,86.28637381,86.56267487,86.65710688,86.71131785,87.29714605,88.68914382,88.82204813,88.7398573,89.14556519,89.51804701,91.29127029,89.68942361,91.49412423,92.89136821,93.77448237,93.61010073,93.65906547
395.576,86.74178896,87.08245982,87.15408805,86.70684836,87.41439553,89.19986024,88.9011181,88.92907058,88.88714186,89.71348707,91.38714186,90.04192872,92.15059399,93.28092243,94.12823201,94.06359189,93.61460517
395.658,86.26082439,86.51541392,86.95531694,86.57776238,86.82542432,88.25251126,88.35469345,88.26636647,88.33044683,89.47177,90.94561829,89.38344302,91.15344648,92.46103221,93.42570142,93.34257014,92.79702113
395.74,86.48386482,86.77140531,86.83549566,86.99312328,86.97233722,88.72356273,88.73915228,88.90024424,88.88638686,89.51862951,91.37724966,89.75766919,91.86225771,92.62441323,93.54419636,93.00029447,93.19429769
395.822,85.81191579,86.14071026,86.65886282,86.47294762,86.5745124,88.05666971,88.44571448,88.43538586,88.33726395,89.14461793,90.63710385,89.29954726,91.41347197,92.44805564,93.21237369,92.58060629,92.92145083
395.904,86.51528233,86.87100673,86.93835262,86.87273355,87.18874115,88.90174409,88.46485926,88.95700224,89.25574167,89.85322051,91.60939389,89.73234329,91.95130375,92.94940425,93.4190986,93.20842687,93.52616128
395.987,86.16399753,86.51110042,86.62451028,86.63482026,86.67606021,88.74493092,88.38064472,88.81022751,88.72431095,89.54739157,91.31555433,89.69688638,91.92556189,92.47027287,93.52360987,93.37755172,93.20743694
396.069,86.15023876,86.25464255,86.97177675,86.5678539,86.7869307,88.45225666,88.51387201,88.83392952,88.5908912,89.27892926,91.31223578,89.65717904,91.58437024,92.54454276,93.02719633,92.7790234,92.95702329
396.151,86.06941357,86.60967687,86.81825953,86.97897076,86.96700291,88.74337494,88.8664729,89.15370149,88.60488972,89.76919131,91.35065823,89.58967345,91.80372713,92.75431698,93.56471192,92.68421952,92.99025474
396.233,86.18737424,86.56935302,86.93939497,86.77568978,86.90017394,88.61396269,88.28825756,88.64124689,88.6634153,89.58084649,91.8369087,89.73261485,91.77892978,92.55993997,93.50465537,92.74240306,92.96920296
396.315,85.94321488,86.53011925,86.92309001,86.94350407,86.86695133,88.91346137,88.89304731,88.899852,88.99171529,89.66708062,91.28999881,89.69429937,91.60301448,92.07594032,93.26335845,93.03029788,92.80404198
396.397,86.0282548,86.61534557,86.68809745,86.48506895,86.63057271,88.55595973,88.45106167,88.59825734,88.72007444,89.36976567,91.3374503,89.58802132,91.51171644,91.70120971,92.96167837,92.07512055,92.46764233
396.479,85.77629157,86.10900002,86.49744135,86.23904342,86.77948354,88.43289254,88.41938153,89.10506494,88.45822567,89.56443904,91.1790039,89.47661752,91.71775515,91.78868791,93.12121059,92.39837192,92.09437436
396.561,85.43589744,86.01092896,86.23623371,86.28499369,86.16729718,88.13955443,88.47246742,88.29928541,88.53299706,89.22068096,90.83312316,89.80411938,91.30559058,91.3678016,92.36822194,92.2135351,91.9529214
396.643,85.41729792,86.26906373,86.4693802,86.34481366,86.52156348,88.4001616,88.21331179,89.05161095,88.47422819,89.80574353,91.07329226,89.64919368,91.49075851,91.60522506,92.38965761,92.12369121,91.77692489
396.725,84.86725367,85.81137634,85.74943922,85.90177107,86.08590847,88.34745053,88.27379557,88.54330577,88.29555727,89.47738458,90.98061535,89.64310824,91.09946768,90.83497941,91.81425558,91.6502059,91.47443838
396.807,84.72729091,85.09223616,86.01709744,85.33386659,85.54550151,87.92514456,88.10011832,87.99513406,87.66518356,88.806679,90.5230882,88.88833342,90.9313603,90.90636405,91.9495409,91.1413288,91.29797197
396.889,84.32394507,85.46824363,85.53172296,85.73552504,85.87751829,88.25632288,88.3365073,88.56870803,88.28305102,89.42233804,90.78046173,89.51755705,91.04774314,90.99929839,91.96986402,91.65246734,91.28328489
396.971,83.97987313,84.93639775,85.31336145,85.13069182,84.76867382,87.81261417,87.54857352,88.01189013,88.20452356,88.72264107,89.97807964,88.63462752,90.52110665,90.3932379,91.3381381,91.1521472,90.74695274
397.053,83.57225817,84.3769703,84.75029036,84.68889995,84.78513357,87.35025718,87.84635806,87.55433881,87.87788286,88.89331342,90.15264642,88.97129584,90.23228804,90.51103368,91.18798739,90.6304961,90.83125933
397.135,83.11213345,84.31356325,84.54855365,83.98093599,83.99252002,87.44456212,87.69775601,87.55709274,87.4892434,88.38452373,89.78950156,88.8909115,89.85238631,90.22969484,90.81717085,90.67485272,90.34884491
397.217,82.78879717,84.09568396,84.78221311,83.95672385,84.06259822,87.49028106,87.6011183,87.40425813,87.75662128,88.26117884,89.82613443,88.55233337,90.21489189,89.86087446,90.70456087,90.21323761,90.19173187
397.299,82.17662508,83.2764281,83.35029547,83.07452397,83.48161523,86.63985555,86.78430729,86.83683519,86.79415627,87.85784636,89.23013789,88.02692055,89.25147735,88.93795141,89.89986868,89.56336179,89.63394616
397.381,81.81698745,82.67424292,82.99940879,82.97313276,82.98298627,86.34631807,85.96860014,86.68954871,86.77330355,87.85390527,88.95914077,87.71759837,89.13650397,88.90987322,90.05616501,89.23503909,89.36149248
397.463,80.9945783,82.47039361,82.47530753,82.16900624,82.33280372,85.92488248,85.82169006,86.17549262,86.02479894,87.10913826,88.96168777,87.26638384,88.50796875,88.81427004,89.37445742,89.18445234,88.85030548
397.545,80.42526068,81.43856438,82.21161704,81.67064361,81.71313699,85.4738012,85.62743111,85.60128134,86.08505214,86.83849247,87.95966398,86.81234269,88.35517929,88.32902952,89.16418789,88.94518354,88.43526297
397.627,80.01039518,80.96545227,81.11650722,81.0011857,81.61515097,85.15276041,84.88638394,84.92861436,84.97571751,85.91615638,87.24154174,86.2085208,87.30001462,87.42345737,88.5604301,88.10239252,88.08777429
397.709,79.58382858,80.78545028,81.14202908,81.15179836,81.10132374,84.78271488,84.87389485,84.69153492,85.29234577,86.13576046,87.10617581,86.14390153,87.69558917,87.93168015,88.78323591,88.53900386,88.13195044
397.791,79.25213641,80.36776987,80.46182036,80.39695795,80.62073327,84.41356273,83.91087905,84.45248018,84.31140443,85.53243931,86.72752923,85.70918938,86.97724951,87.21561887,87.68911447,87.77505716,87.88208014
397.873,78.45505482,79.82755002,79.88567922,79.54659218,79.98740534,83.29915551,83.35889942,83.62209556,83.58011335,85.06886696,85.96502559,85.50645073,86.27343334,86.79659621,87.59264343,87.36658539,87.3924206
397.955,78.2737807,79.47128885,79.82795907,79.67625319,79.68109486,83.61092282,83.13643846,83.40111681,83.70291469,84.79390594,85.67993286,84.79229205,85.7993609,86.6466544,87.54236468,87.40841161,87.06949421
398.037,78.18804904,78.97480452,79.18557132,79.10351707,79.36898671,82.67689931,82.97293819,82.90375519,82.64633008,84.19409853,85.02107668,84.60276088,85.41686778,86.27602407,86.9356759,86.86971072,86.6798597
398.119,77.61512314,78.60120575,78.63648025,78.56593125,78.84331709,82.20401488,82.49743458,82.32907901,82.5776039,83.83946896,84.6219215,83.79457414,84.92816829,85.96235249,87.23063109,86.38885326,86.64860185
398.201,77.47783596,78.49650628,78.4551228,78.35803078,78.36917249,81.62732583,81.75943464,81.96476037,82.31015328,83.07733936,84.35226893,83.50072421,84.1294348,85.66221529,86.27341748,86.21293393,86.37050949
398.283,77.50621442,78.14128779,78.23109614,78.44920215,78.10921338,81.28939139,81.58287226,81.54438297,81.99663219,82.89311202,83.82808115,83.1865929,84.44711731,85.69481196,86.57685831,86.61053644,86.38761928
398.365,76.69343019,77.77671573,77.74804053,77.82450774,78.52705028,80.69202829,80.82265978,81.19862359,81.36589562,82.27712993,83.11986236,82.53520678,83.52928057,85.19244249,85.66399031,85.79302874,86.01924425
398.446,76.57873447,77.07840929,77.50987453,77.46545899,77.73988357,80.21129106,80.22239495,80.67606796,80.92828477,81.70397043,82.55262448,81.75948986,83.18237338,84.32607351,85.40315033,85.49991276,85.81716661
398.528,76.28327823,77.53610579,77.22922632,76.75467042,77.01883987,79.6589525,79.51500388,80.25214737,80.20627363,81.69954284,81.99218565,81.54926681,82.69769208,84.14983311,85.0451619,84.90121328,85.41215179
398.61,76.0682413,76.81246255,76.7036675,76.62325376,76.91179717,79.30213491,79.51814828,79.64271073,79.8193056,80.92775378,81.45123143,80.80949828,81.96997887,83.54987228,84.67093438,84.68985526,84.964208
398.692,75.88173212,76.33539688,76.90562828,76.69927382,76.9072035,79.29839485,79.44804121,79.53310335,79.97259109,80.23722886,81.21386828,80.90354898,81.56514342,83.22385521,84.34384008,83.89647622,84.427327
398.774,75.87760613,76.32190404,76.35330319,76.22927656,76.34388345,78.84482542,78.88564431,79.17922633,79.43198945,80.31587541,80.93443858,80.44147199,81.23744034,82.62685255,83.23599598,83.19203718,84.08377292
398.856,75.49765258,76.17683881,76.5086072,76.25665102,76.50704225,78.2942097,78.07042254,78.60250391,78.89827856,79.98122066,79.86541471,79.90923318,80.84350548,81.08763693,82.16588419,82.14397496,83.32081377
398.937,75.21380885,76.0393377,76.35516503,76.07529824,76.12689379,78.18446192,78.23918448,78.6425679,78.73794149,79.77297957,79.00842727,79.73232852,80.08880689,79.98092528,81.00345534,80.63759596,82.24800263
399.019,75.4445688,75.76167382,76.23266803,76.19847043,76.09121433,78.17260461,77.98140894,78.50525399,78.67624199,79.57159734,78.07622956,79.78766399,79.80631723,78.34670149,79.34464963,79.34931294,81.2799229
399.101,75.00700651,75.40559898,75.66561829,75.5099181,75.69520132,77.58540155,77.59318656,77.94506898,78.40282752,79.17042942,77.13542802,78.9835892,78.25491234,76.12493383,76.73216454,76.45034721,78.94933516
399.183,75.25937003,75.69554787,75.93700346,75.64881453,76.05851014,77.40131476,77.27201919,78.09452597,78.12256597,79.04632832,75.83886345,78.62105493,76.94955915,73.10184752,74.27173879,74.02249431,76.65825467
399.265,74.30803744,75.05840489,75.24560996,75.20383693,75.22394987,76.43536783,76.53593254,77.33735592,77.40697764,78.21458962,73.94445734,77.86957531,74.6607875,69.70990949,70.18179005,70.16941286,73.3039375
399.346,74.14471036,74.78250101,75.01935044,74.96826527,75.00541812,76.18811728,76.47450385,76.89247345,77.07204557,77.59528159,71.39694727,77.50704356,72.31028824,65.6707638,66.16923125,65.98965912,69.94179386
399.428,73.13132554,74.00672677,73.62585044,73.7809654,73.76560748,75.40736873,75.12017569,75.69149018,75.62698693,75.97254005,67.97567306,75.93568105,68.91250595,60.63766068,61.09686238,60.97399905,65.25732189
399.51,72.68623373,73.44580541,73.44580541,73.168477,73.59063246,74.94337878,74.27470919,75.40405208,75.66135121,75.41021493,64.40952161,75.20375934,65.83005932,56.09583237,55.92943533,56.18519374,60.29273554
399.592,70.78286603,71.94069012,71.90255362,71.75000763,72.16645819,72.90325533,72.7140983,73.75903835,73.65530708,73.21444916,59.96125332,72.98715563,61.02297343,50.37526314,49.6079568,49.95881258,54.67095829
399.673,69.30233977,70.62932796,70.50120497,70.70559165,70.49510387,71.2790946,71.37976267,72.20341051,72.39864556,71.39501541,55.45742961,70.88862451,56.27955218,44.7225527,44.13989811,44.62798572,49.12449285
399.755,67.33385124,69.02618471,68.59053451,68.80835961,68.83577815,69.4557419,69.21506801,70.0482871,70.20670536,68.88147573,50.28256333,68.74590626,51.28029368,39.4430989,38.64491462,39.54668007,43.26341605
399.837,64.68862031,66.27841897,65.62344008,66.08479935,66.19824835,66.07421077,65.81252174,67.4219849,67.27525753,65.44040902,44.71252023,65.00627751,45.68969429,34.11940886,32.83819147,33.93486515,37.39430335
399.918,61.95531828,63.50689336,62.86078292,63.74804726,63.17928807,63.10345351,62.64692946,64.34107351,64.824898,62.15703821,39.88442813,61.4184096,40.25601747,29.19933872,28.17405548,29.26455644,32.13868624
400,58.20735158,60.32596359,59.4497662,60.17312087,60.03995097,59.34686218,59.08203568,60.64829527,60.79357153,57.93041873,34.31243474,56.8514399,35.05243565,24.97843556,23.65127646,24.94968296,27.41937925
400.082,53.89438695,56.20911083,54.96411574,55.91901488,56.03233361,55.04721614,54.51537357,56.38437712,56.82103196,53.15252701,29.57014429,51.8969555,30.51144519,21.22384226,19.91538868,21.04706504,23.19709904
400.163,49.13033011,51.74385363,50.44386266,51.47302218,51.16607987,50.17754506,49.84803346,51.36318498,52.03725437,48.29526647,25.13014956,46.86286901,25.59357227,17.59652132,16.4575246,17.61156751,19.15079293
400.245,44.47360528,46.89112178,45.48590282,46.64967007,46.63017397,44.85452909,44.62207558,46.15776845,46.71865627,42.87492501,20.95230954,41.43521296,21.53269346,14.80503899,13.81973605,14.69106179,16.09328134
400.327,39.18635642,41.88153206,40.35276854,41.39041116,41.01757853,39.95148684,39.57865421,41.14035876,41.7258108,37.52732609,17.64741113,36.33246489,18.11756955,12.22711347,11.42305274,12.20764831,13.34710868
400.408,34.4097746,36.82803328,35.50165051,36.577096,36.16334822,34.85339587,34.54271162,35.96468954,36.45162736,32.78615065,14.6693752,31.49561607,15.05474316,10.254074,9.399692303,10.0793141,10.96506296
400.49,29.49773998,32.0595932,30.46865707,31.82913049,31.34590222,30.01516593,29.69549185,30.65600095,31.46187701,27.86517188,12.09706197,26.87492566,12.5847508,8.571725943,7.866956108,8.292196979,9.224455811
400.572,25.34848778,27.63653134,26.20390068,27.22444547,26.84955147,25.88851366,25.33212336,26.68293191,27.10394383,23.62129755,10.18908344,22.59480206,10.41520999,7.108109314,6.44609411,7.155714902,7.713592883
400.653,21.33690156,23.36842417,22.08356744,23.0534938,22.60992992,21.66218174,21.24523169,22.33492031,22.89528935,19.86426945,8.362657835,18.9653133,8.494248455,5.809208386,5.399651063,5.869828784,6.354791969
400.735,18.15005626,19.66453485,18.73334518,19.47207911,19.18191508,18.22851898,17.80511636,18.78960147,19.27222124,16.67999053,6.955054184,16.08781903,7.131225203,4.953514538,4.500503346,4.910582105,5.276248001
400.817,15.07496861,16.76194697,15.70573898,16.38082576,16.16367531,15.23007608,14.8622498,15.6761947,16.10754118,13.98330748,5.936922963,13.30083463,5.936922963,4.158357338,3.889504395,4.215968683,4.465617845
400.898,12.55658277,13.87328409,13.02841303,13.67570517,13.48844753,12.69960632,12.40323794,13.09476416,13.51203904,11.6881202,4.92030492,11.11012813,4.976334764,3.476799221,3.199598944,3.466477935,3.771693133
400.98,10.48849308,11.50545219,10.73979367,11.31293537,11.09984422,10.57225994,10.24894924,10.96170238,11.21006378,9.696381859,4.101637128,9.258442818,4.269170855,2.968580078,2.767245687,2.964171296,3.20224554
401.061,8.636356985,9.528965891,8.923162469,9.461654399,9.193871728,8.806099006,8.624650639,9.092904491,9.42653536,8.064209309,3.478248145,7.613514977,3.485564612,2.471502363,2.421750391,2.513937869,2.718798929
401.143,7.282207511,8.024781768,7.518015115,7.799226668,7.772863085,7.367156834,7.167965317,7.544378698,7.734782354,6.772511571,2.91610522,6.336047806,2.973226317,2.12666237,2.000703029,2.169137032,2.340500322
401.224,6.044710695,6.618936295,6.27849211,6.591174752,6.490356517,6.062244302,5.980420807,6.363237873,6.493278784,5.691116306,2.520455874,5.410578609,2.535067212,1.84541204,1.699298656,1.860023378,1.965225015
401.306,5.080030876,5.535893739,5.198001777,5.471810781,5.317429108,5.154308851,5.049445828,5.257715443,5.40335853,4.714466728,2.114737624,4.530956438,2.187559168,1.565663186,1.494298073,1.571488909,1.72295772
401.387,4.264996512,4.655893978,4.373982795,4.613752616,4.468437573,4.264996512,4.238839805,4.439374564,4.525110439,3.939490816,1.794640781,3.776737968,1.816438038,1.390664962,1.338351546,1.379039758,1.479307138
401.469,3.631439471,3.918285332,3.678033723,3.857130377,3.787238999,3.603774134,3.539707039,3.761029733,3.804711844,3.335857189,1.569643845,3.198986575,1.585660619,1.189609482,1.122630245,1.224555171,1.284254055
401.55,3.057066203,3.35436154,3.126676818,3.267348271,3.149880357,3.057066203,2.993256472,3.231092742,3.249945617,2.817779711,1.357407005,2.730766442,1.371909216,1.01370459,0.971648176,1.052860561,1.134072946
401.632,2.546969237,2.810199448,2.622177868,2.78705833,2.717634978,2.668460103,2.557093476,2.703171779,2.711849698,2.42403205,1.197552827,2.256258949,1.222140264,0.935768936,0.903949899,0.919859418,0.997960689
401.713,2.160068847,2.390992542,2.233218589,2.358003442,2.346528973,2.224612737,2.207401033,2.244693058,2.358003442,2.078313253,1.045611015,1.966437177,1.052782559,0.808950086,0.778829604,0.78313253,0.860585198
401.795,1.874506992,2.006453926,1.954822517,1.980638222,2.002151309,1.917533166,1.885980638,1.926138401,1.966296163,1.776980997,0.882036572,1.712441735,0.929365364,0.730010757,0.65686626,0.705629258,0.784510577
401.876,1.62592284,1.740829048,1.628795496,1.720720462,1.684812272,1.615868547,1.595759961,1.6862486,1.729338428,1.525379909,0.779925885,1.493780702,0.808652437,0.633420471,0.604693919,0.665019678,0.666456005
401.958,1.393385342,1.476104226,1.463268537,1.460416162,1.468973288,1.37627109,1.364861588,1.450432848,1.471825663,1.322075959,0.697405765,1.292126018,0.740191394,0.563344125,0.539098935,0.589015503,0.593294066
402.039,1.226460785,1.338993191,1.239280932,1.26919461,1.290561522,1.210791715,1.21933848,1.256374462,1.290561522,1.125324065,0.641007379,1.119626221,0.645280761,0.54129512,0.519928207,0.509956981,0.571208797
402.121,1.045450014,1.126636186,1.108120042,1.135182099,1.123787549,1.081057984,1.071087752,1.086755259,1.136606418,1.018387956,0.569727528,0.932928827,0.575424803,0.485692717,0.430144283,0.461479298,0.49423863
402.202,0.946910456,0.990985867,0.954019393,0.999516592,0.999516592,0.97818978,0.955441181,0.988142292,1.009469105,0.931270794,0.514687065,0.857337845,0.520374214,0.450706628,0.433645179,0.452128416,0.439332329
402.284,0.822228523,0.90586901,0.840657783,0.871845761,0.843493054,0.839240147,0.822228523,0.859087043,0.88743975,0.819393252,0.464984406,0.769776014,0.4607315,0.388432095,0.394102637,0.401190814,0.432378792
402.365,0.723900011,0.766316028,0.770557629,0.786110169,0.791765637,0.760660559,0.728141613,0.743694152,0.742280285,0.718244542,0.443954304,0.705519738,0.42557403,0.353466802,0.36477774,0.337914263,0.398710553
402.447,0.663894566,0.693494961,0.661075481,0.690675876,0.665304109,0.685037705,0.675170907,0.700542674,0.689266333,0.661075481,0.398900557,0.597646064,0.396081472,0.349566566,0.322785256,0.33547114,0.342518853
402.528,0.593088134,0.625412843,0.591682712,0.602926089,0.622601999,0.577628491,0.594493556,0.595898978,0.612764044,0.546709204,0.342922997,0.546709204,0.361193484,0.290922379,0.283895268,0.3049766,0.341517575
402.609,0.552020564,0.568876154,0.532355709,0.564662256,0.566066889,0.509881589,0.550615931,0.567471521,0.547806666,0.508476957,0.341325692,0.486002837,0.335707162,0.30059135,0.282331128,0.279521863,0.278117231
402.691,0.489563461,0.506396588,0.474133094,0.520424195,0.506396588,0.485355179,0.476938615,0.496577264,0.504993828,0.471327573,0.312815621,0.462911009,0.297385254,0.258107956,0.239872068,0.269330042,0.290371451
402.772,0.436821841,0.457822891,0.434021701,0.442422121,0.427021351,0.463423171,0.424221211,0.431221561,0.450822541,0.427021351,0.277213861,0.414420721,0.267413371,0.257612881,0.238011901,0.256212811,0.259012951
402.853,0.406577899,0.39819485,0.420549649,0.419152474,0.413563774,0.364662652,0.378634401,0.410769424,0.409372249,0.391208975,0.258477359,0.374442877,0.255683009,0.217959286,0.216562111,0.216562111,0.23332821
402.935,0.365979238,0.393810359,0.372937018,0.36876235,0.374328574,0.38267791,0.363196126,0.386852579,0.38267791,0.346497453,0.242130751,0.340931229,0.242130751,0.232389858,0.217082742,0.224040522,0.232389858
403.016,0.334387834,0.353812854,0.324675325,0.353812854,0.320512821,0.327450327,0.334387834,0.335775336,0.33022533,0.326062826,0.233100233,0.323287823,0.242812743,0.188700189,0.195637696,0.203962704,0.194250194
403.097,0.312309144,0.320637388,0.305368941,0.327577591,0.335905835,0.32480151,0.312309144,0.326189551,0.322025429,0.316473266,0.224862584,0.315085226,0.223474543,0.210982178,0.185997446,0.187385487,0.213758259
403.179,0.27515832,0.306960538,0.276541025,0.294516191,0.28345455,0.302812422,0.27515832,0.286219961,0.286219961,0.294516191,0.190813307,0.288985371,0.179751666,0.175603551,0.157628384,0.163159205,0.172838141
403.26,0.253367854,0.267213092,0.260290473,0.245060711,0.253367854,0.264444044,0.260290473,0.250598807,0.274135711,0.239522616,0.184141664,0.254752378,0.199371426,0.159220236,0.155066665,0.159220236,0.182757141
403.341,0.252441649,0.245544336,0.246923798,0.262097887,0.245544336,0.245544336,0.260718424,0.259338962,0.256580036,0.241405948,0.182089058,0.240026486,0.176571208,0.164156045,0.162776582,0.142084644,0.17243282
403.423,0.232943724,0.238424752,0.237054495,0.227462695,0.21513038,0.241165267,0.235684238,0.245276038,0.231573466,0.216500637,0.175392921,0.220611409,0.178133436,0.157579578,0.14661752,0.163060606,0.175392921
403.504,0.231000547,0.226899945,0.224166211,0.231000547,0.228266812,0.214598141,0.23920175,0.246036085,0.225533078,0.206396938,0.151722253,0.218698742,0.161290323,0.146254784,0.148988518,0.147621651,0.154455987
403.585,0.194249131,0.202456841,0.206560696,0.203824793,0.188777325,0.209296599,0.209296599,0.195617083,0.213400454,0.19288118,0.151842631,0.212032503,0.138163115,0.139531066,0.139531066,0.155946486,0.158682389
403.666,0.185782198,0.176219879,0.185782198,0.17895197,0.177585924,0.189880334,0.199442653,0.180318015,0.196710562,0.19124638,0.137970603,0.181684061,0.148898967,0.143434785,0.13250642,0.137970603,0.116113874
403.748,0.175608162,0.183775984,0.202834234,0.187859895,0.202834234,0.19738902,0.18241468,0.185137287,0.175608162,0.190582502,0.147020787,0.196027716,0.156549912,0.142936876,0.142936876,0.138852966,0.141575573
403.829,0.172434697,0.164351821,0.148186068,0.172434697,0.172434697,0.176476135,0.158963236,0.175128989,0.158963236,0.154921798,0.11316027,0.160310382,0.127978877,0.11316027,0.122590292,0.111813124,0.136061753
403.91,0.154935511,0.17396268,0.150858261,0.160371845,0.157653678,0.157653678,0.171244513,0.167167262,0.161730929,0.160371845,0.112803925,0.152217345,0.127753843,0.110085758,0.118240259,0.13454926,0.129112926
403.991,0.146157281,0.158337055,0.156983747,0.162396979,0.171870137,0.165103596,0.165103596,0.162396979,0.158337055,0.161043671,0.129917584,0.142097357,0.148863898,0.1326242,0.1326242,0.138037433,0.113677886
404.073,0.13003725,0.149001016,0.134100914,0.149001016,0.138164578,0.150355571,0.155773789,0.159837453,0.154419235,0.144937352,0.123264477,0.147646461,0.124619031,0.111073485,0.117846258,0.113782594,0.10971893
404.154,0.14636963,0.155769515,0.131598383,0.153083834,0.140998268,0.150398152,0.154426674,0.14636963,0.16651224,0.130255543,0.111455774,0.14636963,0.10474157,0.107427252,0.108770092,0.116827136,0.120855658
404.235,0.139924118,0.149342088,0.139924118,0.145305815,0.143960391,0.134542421,0.129160724,0.131851573,0.145305815,0.126469876,0.113015634,0.121088179,0.119742755,0.095525119,0.100906816,0.106288513,0.114361058
404.316,0.143809473,0.145153486,0.154561583,0.11424117,0.126337294,0.129025321,0.1464975,0.126337294,0.127681307,0.155905596,0.104833073,0.129025321,0.11424117,0.106177087,0.110209129,0.122305252,0.107521101
404.397,0.12455802,0.127236687,0.120540019,0.127236687,0.123218686,0.125897353,0.115182685,0.129915354,0.139290689,0.127236687,0.113843352,0.116522019,0.111164684,0.096432015,0.095092682,0.104468017,0.099110683
404.479,0.152215131,0.129516383,0.125510722,0.11883462,0.124175501,0.125510722,0.138862926,0.133522044,0.125510722,0.138862926,0.113493738,0.136192485,0.117499399,0.116164179,0.097471092,0.114828958,0.100141533
404.56,0.149480821,0.110775966,0.105437365,0.108106665,0.128126418,0.114779916,0.124122468,0.125457118,0.132130369,0.108106665,0.093425513,0.110775966,0.102768064,0.090756213,0.093425513,0.106772015,0.108106665
404.641,0.148655464,0.118128003,0.126091689,0.108837036,0.122109846,0.118128003,0.115473441,0.127418969,0.127418969,0.120782565,0.120782565,0.123437127,0.110164317,0.092909665,0.110164317,0.096891508,0.103527913
404.722,0.155475529,0.128898516,0.13820047,0.131556217,0.124911964,0.147502425,0.111623457,0.124911964,0.120925412,0.126240814,0.112952308,0.131556217,0.131556217,0.107636905,0.104979203,0.119596561,0.107636905
404.803,0.123471542,0.116833287,0.102229126,0.104884428,0.118160938,0.119488589,0.103556777,0.118160938,0.106212079,0.123471542,0.102229126,0.098246173,0.095590871,0.098246173,0.09426322,0.110195032,0.106212079
404.884,0.110274091,0.116917108,0.098316659,0.107616884,0.10628828,0.094330849,0.100973866,0.116917108,0.100973866,0.094330849,0.094330849,0.104959677,0.094330849,0.103631073,0.095659452,0.10628828,0.086359228
404.965,0.104540222,0.097923752,0.108510103,0.099247046,0.101893634,0.096600458,0.092630576,0.099247046,0.101893634,0.096600458,0.097923752,0.107186809,0.092630576,0.083367518,0.099247046,0.084690812,0.0873374
